# Created by Octave 4.0.1, Tue Apr 12 20:46:02 2016 GMT Daylight Time <unknown@DESKTOP-6KCDKO5>
# name: CConvA
# type: matrix
# rows: 3
# columns: 3
 -6 -6 -6
 -6 -6 -6
 -4 -4 -4


