# Created by Octave 4.0.1, Mon Apr 11 16:35:18 2016 GMT Daylight Time <unknown@DESKTOP-6KCDKO5>
# name: g
# type: matrix
# rows: 6
# columns: 6
 0.0003083365136427076 0.002278315796654662 0.00619310442953756 0.00619310442953756 0.002278315796654662 0.0003083365136427076
 0.002278315796654662 0.01683460323256117 0.04576119605638893 0.04576119605638893 0.01683460323256117 0.002278315796654662
 0.00619310442953756 0.04576119605638893 0.1243918276886338 0.1243918276886338 0.04576119605638893 0.00619310442953756
 0.00619310442953756 0.04576119605638893 0.1243918276886338 0.1243918276886338 0.04576119605638893 0.00619310442953756
 0.002278315796654662 0.01683460323256117 0.04576119605638893 0.04576119605638893 0.01683460323256117 0.002278315796654662
 0.0003083365136427076 0.002278315796654662 0.00619310442953756 0.00619310442953756 0.002278315796654662 0.0003083365136427076


