# Created by Octave 4.0.1, Fri Apr 15 11:20:14 2016 GMT Daylight Time <unknown@DESKTOP-6KCDKO5>
# name: OutputB
# type: matrix
# rows: 10
# columns: 10
 33 34 35 36 37 38 39 39 39 39
 43 44 45 46 47 48 49 49 49 49
 53 54 55 56 57 58 59 59 59 59
 63 64 65 66 67 68 69 69 69 69
 73 74 75 76 77 78 79 79 79 79
 83 84 85 86 87 88 89 89 89 89
 93 94 95 96 97 98 99 99 99 99
 93 94 95 96 97 98 99 99 99 99
 93 94 95 96 97 98 99 99 99 99
 93 94 95 96 97 98 99 99 99 99


