# Created by Octave 4.0.1, Sun Apr 10 02:34:27 2016 GMT Daylight Time <unknown@DESKTOP-6KCDKO5>
# name: TestImage
# type: float matrix
# rows: 4
# columns: 5
 0 1 2 3 4
 5 6 7 8 9
 10 11 12 13 14
 15 16 17 18 19
